pwmval;TSL2561;Luxmeter(alt);Luxmeter;Luxmeter;I[mA];<tim500>
0;;0;0;0;48;
100;;27,6;13;28;58;
200;;60,2;29;62;70;
300;;92,8;45;95;82;
400;;125,4;60;128;93;
500;;157,9;76;161;105;
600;;190,4;92;195;117;
700;;223;107;228;128;
800;;256;123;261;140;
900;;288;138;294;152;
1000;;320;154;327;163;
1100;;352;169;360;175;
1200;;385;185;392;187;
1300;;417;200;425;198;
1400;;449;216;458;210;
1500;;481;231;491;221;
1600;;513;247;524;233;
1700;;545;262;557;245;
1800;;577;278;589;256;
1900;;608;293;622;267;
2000;;640;308;655;279;
2100;;672;323;687;291;
2200;;703;339;720;302;
2300;;734;354;751;313;
2400;;766;369;784;325;
2500;;797;384;816;336;
2600;;828;399;848;348;
2700;;859;415;880;359;
2800;;890;430;912;370;
2900;;921;444;944;382;
3000;;952;459;975;393;
3100;;981;474;1007;404;
3200;;1011;489;1038;416;
3300;;1037;504;1070;427;
3400;;1065;519;1101;438;
3500;;1094;533;1132;449;
3600;;1123;548;1163;460;
3700;;1151;562;1195;472;
3800;;1179;577;1225;482;
3900;;1207;592;1257;494;
4000;;1236;605;1287;505;
4095;;1258;619;1301;516;
4096;;1263;619;1306;516;
